0.728101  
0.861567  
0.692165  
0.761718  
1.347517  
0.911031  
1.177649  
0.690130  
1.026086  
0.479501  
0.996603  
1.247329  
0.675735  
0.870936  
0.490682  
0.919404  
0.933003  
1.429757  
1.173713  
1.076998  
1.490167  
0.896145  
0.807578  
1.317742  
0.769446  
0.880223  
0.823213  
1.185577  
0.898953  
1.676995  
1.323666  
0.837684  
1.117147  
0.621061  
1.006367  
0.869907  
0.979880  
0.674297  
0.783706  
0.777425  
0.385709  
0.760711  
0.177158  
0.311708  
0.573574  
0.552964  
0.154433  
0.919640  
0.299565  
0.475070  
0.262981  
0.241441  
0.995511  
0.287979  
0.635729  
0.180168  
0.554535  
-0.365908  
-0.081140  
-0.565400  
-0.415548  
-0.183511  
-0.465382  
-0.590743  
-0.308652  
-0.520772  
-0.739103  
-0.873058  
-0.140925  
-0.640644  
-0.405021  
-0.359662  
-0.862135  
-0.543178  
-0.752013  
-1.440379  
-0.905714  
-0.909384  
-0.408723  
-1.239748  
-0.965381  
-1.031028  
-0.745488  
-0.344618  
-0.979994  
-1.604205  
-0.638048  
-0.686236  
-0.919275  
-1.192616  
-1.123533  
-0.899773  
-1.036502  
-1.109651  
-1.207154  
-0.823327  
-1.240801  
-1.363881  
-1.394584  
-0.993319  
-1.522818  
-1.015176  
-0.727265  
-1.175376  
-0.808939  
-1.297581  
-0.361385  
-1.281294  
-1.189233  
-0.733839  
-0.846308  
-1.451203  
-1.412926  
-0.900884  
-1.290265  
-0.915476  
-1.051471  
-0.881431  
-1.199826  
-0.583537  
-0.716717  
-0.489956  
-1.170837  
-0.756796  
-0.663819  
-1.197287  
-1.439392  
-0.970546  
-0.328177  
-1.269962  
-0.523438  
-0.968614  
-0.959329  
-1.631639  
-0.846800  
-0.817105  
-0.634035  
-1.083533  
-0.563835  
-0.946578  
-1.081065  
-1.550716  
-1.051625  
-0.626911  
-1.134922  
-1.120279  
-1.445314  
-0.944640  
-0.619942  
-0.679845  
-0.870170  
-1.176243  
-1.187818  
-0.842527  
0.076514  
-0.832492  
-0.781984  
-0.191578  
-0.149309  
-1.260208  
-0.468606  
-0.548704  
-0.555458  
0.271064  
-0.305503  
0.131931  
-0.558875  
-0.415896  
-0.337773  
-0.410616  
0.075727  
-0.359672  
-0.119657  
0.259383  
-0.393033  
-0.047258  
-0.443181  
0.211547  
0.581354  
-0.402806  
0.193587  
0.561639  
-0.232149  
0.808961  
1.065355  
0.282509  
0.172293  
0.585295  
-0.299766  
0.381768  
0.859085  
0.785114  
0.442286  
1.258283  
1.174082  
0.140411  
0.930337  
0.702686  
0.483669  
1.093120  
0.683656  
0.332028  
0.892220  
0.920587  
0.743871  
1.234923  
1.429707  
1.366035  
0.538441  
0.907145  
1.033861  
0.829129  
1.354188  
0.676626  
0.618929  
0.926074  
1.233829  
0.858300  
0.939647  
0.982744  
1.095867  
0.728178  
0.940069  
0.782881  
0.217072  
0.702347  
0.978265  
1.072157  
0.713975  
1.174030  
0.893678  
1.243949  
1.269307  
1.188503  
1.200890  
0.983683  
1.655929  
1.090654  
0.971734  
0.761831  
1.275479  
0.570977  
0.783451  
1.642759  
1.084559  
0.670090  
1.331519  
0.488349  
0.525953  
1.415641  
1.175363  
1.421919  
1.075888  
0.438991  
1.037450  
0.628916  
1.199238  
1.249201  
1.060934  
0.644718  
0.450148  
0.688688  
1.400395  
0.726232  
1.435304  
1.172359  
0.822749  
0.824700  
0.592373  
0.569918  
1.041677  
1.099157  
0.906092  
1.034002  
0.840999  
0.331017  
1.090099  
1.203854  
0.707610  
0.256681  
0.544970  
0.243957  
0.463898  
0.810318  
0.294879  
0.367081  
0.550185  
0.288319  
0.740015  
0.106274  
-0.353519  
-0.033560  
0.114172  
0.052457  
-0.258192  
0.105665  
-0.239338  
0.135153  
-0.038600  
-0.019561  
-0.245014  
-0.345111  
-0.159004  
-0.309417  
-0.390467  
-0.822373  
-0.554022  
0.041326  
-0.432006  
-0.784651  
-0.308052  
-0.740544  
-0.628288  
-0.568682  
-0.288200  
-0.719365  
-0.939400  
-1.496188  
-1.041073  
-0.863382  
-0.578154  
-0.805074  
-0.432299  
-0.469400  
-0.713473  
-0.951761  
-0.898613  
-0.800560  
-1.632773  
-1.035700  
-0.961733  
-0.803001  
-1.155061  
-1.220945  
-0.999811  
-1.062888  
-1.715873  
-1.240759  
-1.218121  
-1.621705  
-1.321276  
-0.936307  
-0.505201  
-1.534728  
-0.754455  
-1.097339  
-1.066212  
-1.274211  
-1.323183  
-1.095667  
-0.769624  
-1.156456  
-0.558069  
-1.168393  
-0.986645  
-0.923281  
-0.879045  
-1.072846  
-0.440519  
-1.654240  
-0.566514  
-1.798174  
-0.591957  
-0.857380  
-0.983246  
-1.106322  
-0.396754  
-1.137208  
-0.308531  
-1.142979  
-1.306374  
-0.662514  
-0.491132  
-1.343476  
-0.461941  
-1.338484  
-1.334379  
-0.790560  
-0.677307  
-1.482584  
-0.951439  
-0.942158  
-1.748462  
-1.018868  
-1.182103  
-0.456768  
-1.378020  
-1.038310  
-0.741591  
-0.968180  
-0.458837  
-0.918336  
-1.017527  
-1.264077  
-1.039246  
-1.005302  
-0.377079  
-0.859138  
-0.553493  
-1.176184  
-0.832021  
-0.490091  
-0.815446  
-0.856175  
-0.542267  
-0.589182  
-0.388068  
-0.271139  
-0.662220  
-0.580571  
-0.413920  
-0.587354  
-0.203307  
-0.381413  
-0.158828  
-0.082710  
-0.351629  
0.252256  
-0.309882  
-0.299637  
0.104060  
0.095575  
0.197120  
0.546272  
-0.292125  
0.401814  
0.770370  
-0.052684  
-0.030602  
0.885751  
0.500086  
0.447440  
0.825457  
1.236157  
1.105327  
0.604007  
0.570972  
1.034015  
1.121429  
0.964560  
0.990059  
1.415665  
1.173014  
0.481832  
0.852806  
0.523314  
0.166328  
1.307788  
0.364359  
0.759219  
1.359596  
0.801170  
0.872413  
0.619713  
0.736374  
0.956184  
1.179431  
1.218377  
1.404915  
1.608831  
0.587825  
0.840661  
1.010892  
0.903914  
1.095910  
0.731957  
0.708790  
1.487522  
1.869967  
1.069985  
1.463929  
1.377233  
1.211120  
1.089723  
0.842981  
1.211687  
0.857595  
1.003347  
1.197299  
0.956248  
1.160989  
1.302369  
1.198193  
0.771689  
1.210145  
1.313272  
0.683176  
0.536219  
1.323622  
1.300479  
1.533591  
1.715359  
1.176706  
0.866670  
0.988947  
1.140233  
0.962090  
1.221999  
1.207483  
1.083335  
